1 0 0 9.372000 1.900000 37.210000
1 0 320 8.691500 1.700000 37.860000
1 0 640 8.699500 1.520000 39.160000
1 0 960 9.362500 1.800000 41.060000
1 0 1280 8.670500 2.280000 42.860000
1 0 1600 9.345000 2.490000 42.230000
1 0 1920 9.341000 2.270000 44.150000
1 0 2240 8.631500 1.770000 43.570000
1 0 2560 8.695500 2.330000 46.100000
1 0 2880 9.368500 2.840000 47.590000
1 10 0 0.640000 0.300000 16.370000
1 10 320 0.000000 0.000000 0.000000
1 10 640 0.599500 0.430000 18.340000
1 10 960 0.620000 0.310000 19.450000
1 10 1280 0.598500 0.500000 19.960000
1 10 1600 0.555000 0.310000 17.930000
1 10 1920 0.516500 0.240000 16.870000
1 10 2240 0.461000 0.180000 15.940000
1 10 2560 0.448000 0.240000 13.690000
1 10 2880 0.460500 0.300000 15.220000
1 100 0 2.834000 0.760000 36.590000
1 100 320 2.604000 1.400000 39.750000
1 100 640 2.515000 1.630000 36.750000
1 100 960 2.585500 1.610000 38.000000
1 100 1280 2.506500 1.950000 35.400000
1 100 1600 2.258500 1.500000 32.400000
1 100 1920 2.200500 1.490000 32.480000
1 100 2240 2.201000 2.140000 30.550000
1 100 2560 2.025000 1.280000 31.320000
1 100 2880 0.000000 0.000000 0.000000
1 1000 0 4.253500 0.900000 30.790000
1 1000 320 4.214500 1.350000 33.640000
1 1000 640 4.127500 1.390000 32.400000
1 1000 960 4.246500 1.370000 32.020000
1 1000 1280 4.335000 1.300000 33.560000
1 1000 1600 4.290500 1.790000 34.940000
1 1000 1920 4.393000 1.340000 37.030000
1 1000 2240 4.263000 1.100000 39.020000
1 1000 2560 4.229500 1.750000 37.800000
1 1000 2880 4.322500 1.280000 37.680000
1 10000 0 5.758000 1.290000 27.350000
1 10000 320 5.796500 1.220000 28.150000
1 10000 640 5.786500 1.070000 27.440000
1 10000 960 5.853000 0.980000 27.220000
1 10000 1280 6.161500 1.100000 31.170000
1 10000 1600 6.047000 1.460000 32.630000
1 10000 1920 6.047500 1.120000 32.570000
1 10000 2240 6.429500 0.810000 35.360000
1 10000 2560 6.405000 1.510000 34.610000
1 10000 2880 6.055500 1.060000 34.670000
1 100000 0 8.548000 1.990000 35.090000
1 100000 320 9.319500 1.900000 40.330000
1 100000 640 8.511000 1.720000 38.820000
1 100000 960 9.348000 2.030000 41.790000
1 100000 1280 9.350000 2.520000 42.740000
1 100000 1600 8.291000 1.910000 42.890000
1 100000 1920 8.350500 2.250000 43.610000
1 100000 2240 8.976000 2.280000 46.630000
1 100000 2560 8.699500 2.070000 44.400000
1 100000 2880 8.019500 1.690000 47.290000
1 1000000 0 8.719500 1.840000 36.260000
1 1000000 320 9.367500 2.030000 40.300000
1 1000000 640 9.361000 1.890000 42.510000
1 1000000 960 8.541500 2.010000 39.580000
1 1000000 1280 8.477000 1.800000 40.850000
1 1000000 1600 9.273500 2.270000 44.120000
1 1000000 1920 9.246500 1.960000 45.560000
1 1000000 2240 8.361500 1.300000 42.520000
1 1000000 2560 9.238000 2.870000 45.360000
1 1000000 2880 8.537500 2.410000 46.190000
2 0 0 9.026000 1.890000 42.330000
2 0 320 9.056500 2.110000 43.430000
2 0 640 9.063500 2.680000 44.830000
2 0 960 9.064000 2.780000 43.890000
2 0 1280 9.059000 2.440000 44.940000
2 0 1600 9.038000 1.920000 44.560000
2 0 1920 9.038500 3.070000 45.140000
2 0 2240 9.039000 2.950000 45.590000
2 0 2560 9.038000 2.930000 45.470000
2 0 2880 9.055500 2.300000 46.160000
2 10 0 0.671500 0.300000 17.550000
2 10 320 0.716000 0.370000 19.940000
2 10 640 0.718500 0.380000 19.320000
2 10 960 0.663000 0.630000 18.430000
2 10 1280 0.639000 0.440000 18.650000
2 10 1600 0.627500 0.320000 19.730000
2 10 1920 0.574000 0.550000 17.670000
2 10 2240 0.543000 0.310000 16.710000
2 10 2560 0.522500 0.240000 15.890000
2 10 2880 0.515000 0.300000 15.260000
2 100 0 4.935500 2.650000 60.840000
2 100 320 2.802500 1.710000 38.940000
2 100 640 4.649000 3.430000 61.230000
2 100 960 4.629000 4.480000 61.490000
2 100 1280 4.506500 3.780000 61.270000
2 100 1600 4.380500 3.660000 59.630000
2 100 1920 4.269000 4.890000 58.340000
2 100 2240 4.168000 3.610000 56.670000
2 100 2560 4.050500 3.480000 56.720000
2 100 2880 3.938500 3.240000 54.960000
2 1000 0 7.808500 2.480000 51.910000
2 1000 320 4.240000 1.350000 32.440000
2 1000 640 7.752500 3.280000 53.610000
2 1000 960 7.770000 2.560000 54.940000
2 1000 1280 7.844000 3.130000 55.620000
2 1000 1600 7.837000 3.610000 56.830000
2 1000 1920 7.810500 3.160000 57.240000
